4294967279,381
4294967278,203
4294967278,7
4294967279,375
4294967279,328
4294967279,326
4294967278,8
4294967279,350
4294967278,10
4294967278,9
4294967279,374
4294967279,325
4294967279,391
4294967279,324
4294967278,317
4294967278,11
4294967279,322
4294967278,14
4294967278,13
4294967278,12
4294967279,390
4294967279,191
4294967278,17
4294967278,16
4294967278,15
4294967278,314
4294967279,321
4294967278,313
4294967279,373
4294967279,388
4294967279,349
4294967278,312
4294967279,281
4294967279,242
4294967278,18
4294967279,319
4294967278,309
4294967278,20
4294967278,19
4294967278,284
4294967278,387
4294967279,399
4294967278,342
4294967278,23
4294967278,22
4294967278,21
4294967278,325
4294967279,318
4294967278,341
4294967279,387
4294967278,339
4294967278,28
4294967278,27
4294967278,26
4294967278,25
4294967278,24
4294967278,340
4294967279,372
4294967278,308
4294967279,386
4294967278,367
4294967278,386
4294967279,344
4294967278,338
4294967279,317
4294967278,337
4294967278,336
4294967279,342
4294967278,30
4294967278,29
4294967278,335
4294967279,398
4294967278,334
4294967278,33
4294967278,32
4294967278,31
4294967278,333
4294967279,340
4294967278,366
4294967279,315
4294967278,307
4294967278,35
4294967278,34
4294967278,306
4294967279,314
4294967278,331
4294967278,158
4294967279,339
4294967278,157
4294967278,39
4294967278,38
4294967278,37
4294967278,36
4294967278,156
4294967279,156
4294967278,155
106,4
4294967279,155
106,3
106,2
106,1
4294967279,311
4294967278,154
4294967279,154
4294967278,43
4294967278,42
4294967278,41
4294967278,40
4294967279,153
4294967294,598
4294967294,961
4294967294,599
4294967279,151
4294967279,291
4294967279,367
4294967279,310
4294967279,148
4294967279,363
4294967279,361
4294967279,380
4294967278,46
4294967278,45
4294967278,44
4294967279,379
4294967278,48
4294967278,47
4294967279,401
4294967279,140
4294967279,279
105,4
4294967279,137
105,3
105,2
105,1
4294967279,277
4294967279,136
4294967278,52
4294967278,51
4294967278,50
4294967278,49
4294967279,135
4294967279,289
4294967294,46
4294967294,390
4294967294,115
4294967294,426
4294967294,114
4294967294,120
4294967279,309
4294967279,134
4294967278,55
4294967278,54
4294967278,53
4294967279,288
4294967279,308
4294967279,307
4294967279,287
4294967279,306
4294967279,397
4294967279,304
4294967278,59
4294967278,58
4294967278,57
4294967278,56
4294967279,268
4294967279,267
4294967279,266
4294967279,265
104,4
104,3
104,2
104,1
4294967279,264
4294967278,63
4294967278,62
4294967278,61
4294967278,60
4294967279,91
4294967279,89
4294967279,87
4294967279,285
4294967279,365
4294967279,284
4294967279,259
4294967279,384
4294967279,337
4294967278,323
4294967278,293
103,4
4294967278,292
103,3
103,2
103,1
4294967278,353
4294967278,291
4294967279,85
4294967279,84
4294967278,352
4294967294,18
4294967294,127
4294967294,14
4294967294,126
4294967294,20
4294967294,13
4294967279,82
4294967279,81
4294967279,79
4294967278,255
4294967278,288
4294967278,322
4294967278,287
4294967278,321
4294967278,251
4294967279,77
4294967279,76
4294967278,249
4294967278,247
4294967278,245
4294967278,243
4294967279,74
4294967279,73
4294967279,71
4294967278,241
4294967278,239
4294967278,351
4294967278,350
4294967278,235
4294967278,233
4294967279,70
4294967279,68
4294967279,67
4294967278,231
4294967278,229
4294967278,227
4294967278,225
4294967279,65
4294967279,63
4294967279,62
4294967279,60
4294967279,59
4294967278,223
4294967278,221
4294967278,218
4294967278,214
102,4
4294967278,213
102,3
102,2
102,1
4294967278,348
4294967278,212
4294967279,57
4294967279,56
4294967279,54
4294967279,53
4294967279,51
4294967294,469
4294967294,60
4294967278,347
4294967294,81
4294967278,380
4294967278,209
4294967278,391
4294967294,12
4294967278,370
4294967278,379
4294967278,254
4294967278,252
4294967278,369
4294967279,49
4294967279,48
4294967278,385
4294967278,390
4294967279,351
4294967278,389
4294967278,244
4294967279,46
4294967279,45
4294967279,43
4294967278,236
4294967279,327
4294967278,345
4294967278,388
4294967279,42
4294967279,40
4294967278,344
4294967279,400
4294967279,37
4294967279,35
4294967279,34
4294967279,32
4294967279,31
4294967279,29
4294967279,28
4294967279,26
4294967279,25
4294967279,23
4294967279,21
4294967279,20
4294967279,18
4294967279,17
4294967279,15
4294967278,368
101,4
4294967278,319
4294967294,5
4294967294,1020
4294967294,409
4294967294,42
4294967294,91
4294967294,90
